2855
8892
4781
5492
7916
4238
9554
6726
9653
4459
2181
550
9444
5213
7792
7510
7930
7753
7501
4373
9313
3277
7041
4709
9893
1859
5286
2390
6865
2447
3066
9712
1344
7832
5218
9233
2089
4775
5969
1744
9212
8134
2283
8658
3362
84
6175
1300
7798
3684
5643
7113
6932
2693
1839
6825
4523
7085
9182
1399
9495
2269
1114
866
110
6284
104
2158
1075
6020
3860
292
4161
6096
8882
7470
6135
5068
8720
3940
8693
4376
1064
5634
7009
2845
2470
1550
9852
1656
2888
9349
3859
3938
243
3906
234
284
5993
1241
6218
9771
1463
398
5879
350
7772
2027
5329
6496
5878
4027
890
6857
9562
7796
9609
2056
9255
9461
3620
2164
8812
7377
5999
8960
1303
6138
9146
7181
7277
5377
6954
8633
5672
2846
8878
3452
4761
4221
9820
653
8126
739
7378
7689
8398
6988
9622
7655
6451
3262
9693
5268
648
5704
4232
1824
1855
3383
8856
8981
8613
5819
7618
4298
8522
6500
7604
3299
740
7425
3811
8701
8019
1198
6397
6423
8020
6021
4086
4482
9123
3781
9582
9615
9314
3832
1465
1194
7047
326
9988
5665
5966
7613
9786
4493
4125
7397
7615
4694
4830
1445
3400
2857
2467
9603
9085
495
5636
3190
4785
4762
6778
4370
4380
6095
8005
5653
7098
5061
5789
7086
741
1768
4708
530
6053
8623
7707
3676
3334
2554
4916
6520
5200
7172
6125
4289
7457
1775
7259
2259
6312
4048
6403
710
9909
4414
6129
7016
9240
1932
4112
9755
3472
8581
314
9281
7209
7771
2977
564
349
7646
6832
5299
4827
2969
9337
2294
4500
6605
4305
825
673
721
1289
585
4876
7151
7331
4119
8825
1462
3877
2318
9762
3934
1603
6979
1713
4311
7279
1800
1966
4121
6818
6513
6814
6158
8529
1332
2775
2853
1883
3172
3297
2892
3478
7880
9742
819
2018
8571
1995
5599
913
1759
9234
2225
8428
973
6232
5715
2476
7897
9528
8977
4421
6351
5147
2956
145
7611
5498
8950
805
8478
1865
3965
6365
1610
4471
8064
9842
6146
3678
784
7582
2916
2683
6015
3565
8574
1745
5710
6478
1276
4691
918
295
9492
3535
4666
7110
8682
3621
7576
7165
5142
1561
3542
6406
5677
1615
6249
1836
4936
6683
9046
7493
9007
5074
1080
7586
6459
6418
4076
7374
1126
4632
4662
622
7795
8951
7347
6481
2592
4931
3657
7349
6116
6817
3767
1808
8052
9621
3263
3004
6314
2314
507
5325
6990
1202
2920
3461
7215
6596
845
7948
1246
5103
8175
8624
4058
5531
5117
6245
479
8363
3604
6176
5191
6957
7574
3250
6580
859
5838
2906
2757
5933
7803
9312
6717
746
2795
3942
6904
3220
1898
7726
7885
9625
6355
1963
5170
1488
7762
35
9396
1386
1408
4602
7888
8524
7406
4479
8941
3258
6937
1721
8730
4747
1038
5458
5046
3378
8940
1961
6139
863
9211
4031
492
5577
5533
5190
6603
3303
9932
6002
4224
1367
395
2120
9399
7539
6118
8343
259
31
9586
9050
7325
142
57
2387
3545
3467
3863
9183
3847
3078
3234
3853
8153
8263
8539
4767
1588
8470
783
5307
9338
910
6925
8739
7928
3056
7087
8243
5611
6676
7296
2946
6821
1837
4818
9845
213
8158
9031
8106
1259
2287
1979
8871
558
9973
3655
1622
8448
3914
6390
7788
4296
3325
6532
2233
5843
3629
9919
1469
9750
7223
3871
6581
8517
8136
6428
3318
6300
5462
1432
7011
7197
2860
5886
7204
2835
8978
8269
1290
2912
4671
8499
6639
7428
5042
8305
3285
8098
8224
4187
7849
5456
7480
4442
3979
5622
883
6715
1935
5755
7568
8348
2962
347
4248
9564
2700
3230
7838
3403
5549
2527
1908
2200
9343
6346
9888
2650
4451
8117
6230
2308
3589
3719
484
6956
8722
6417
3682
684
2187
1260
8400
4533
1105
2666
4100
3186
5275
1947
5964
840
3850
7249
2417
3197
3607
2307
5217
7421
9775
1461
9095
3384
4540
5246
9687
3268
1676
3390
3316
3222
4011
1723
7104
4473
3742
1223
7007
8357
2521
2985
8548
5713
9563
990
8249
3192
2639
3482
9935
2416
4283
9032
5132
8149
4294
4822
1440
5302
7537
4081
7848
1568
5131
4962
5357
8190
5509
2375
6552
67
4675
5106
3075
4242
5412
304
6741
7359
4120
6677
9081
7702
682
4229
5857
9302
503
6600
4619
5888
9971
327
6753
5118
6722
2126
3315
2247
3791
9141
8865
7745
4263
459
2006
8947
2580
8013
6315
5972
4701
5400
637
9676
8895
8800
8980
7244
5411
3617
3147
5383
5358
9149
9754
2092
1302
3091
3599
4346
2237
87
2100
5748
3688
3359
4699
5518
1380
1028
1504
5320
5663
4427
4998
4563
3232
3983
1818
7871
6833
4198
3270
2207
3352
3027
3531
3887
5345
458
7454
6808
8049
8778
2571
320
2159
6483
6486
2762
6731
7208
7287
2410
1654
2303
6177
4094
5490
583
1974
2334
1422
4446
3745
3973
6672
6472
7055
2034
2840
4518
8022
898
3301
9783
1851
4651
6278
7512
6599
3021
4729
3896
4614
5567
5380
9958
8835
886
7171
9985
2397
7769
4449
5309
1763
1134
1795
7971
2337
3800
2507
9505
3866
4968
9289
4879
8771
5579
2400
5381
7752
6276
8425
2384
1860
3821
2344
9821
93
8646
9806
752
6422
4274
9840
7327
4551
1662
5305
6025
4594
6946
5532
7587
254
4824
2484
9810
9520
671
5206
363
9398
3637
8784
1285
6573
1154
1109
9542
755
362
4958
109
166
4800
644
7950
5572
7069
3988
9262
4026
8612
114
5059
3454
8439
4871
263
2471
9162
9333
1873
2821
8120
2251
8468
8364
2452
8012
7263
2459
2987
2608
5831
6858
4353
3788
2446
578
6845
293
4526
577
7626
882
7981
6071
3534
982
7605
2701
9354
8540
4581
7481
9848
3055
5851
2326
1076
3124
3837
3113
4783
8706
9005
8176
2516
1477
8655
8390
2235
3199
3868
8884
837
1857
64
4418
1879
2582
6150
1238
1129
9752
7730
